0,10
0,10
0,10
0,0 0.0,0.0,0.0 0.013,0.118,-0.055
0,1 0.0,1.0,0.5 -0.046,0.17,-0.029
0,2 0.0,2.0,1.0 0.087,0.269,0.157
0,3 0.0,3.0,1.5 0.036,0.389,0.093
0,4 0.0,4.0,2.0 0.08,0.307,0.179
0,5 0.0,5.0,2.5 -0.064,0.487,0.263
0,6 0.0,6.0,3.0 -0.041,0.588,0.262
0,7 0.0,7.0,3.5 -0.091,0.684,0.343
0,8 0.0,8.0,4.0 0.015,0.765,0.426
0,9 0.0,9.0,4.5 -0.013,0.942,0.421
1,1 1.0,1.0,1.0 0.07,0.063,-0.034
1,2 1.0,2.0,1.5 0.124,0.26,0.137
1,3 1.0,3.0,2.0 0.068,0.246,0.227
1,4 1.0,4.0,2.5 0.073,0.42,0.343
1,5 1.0,5.0,3.0 0.022,0.512,0.354
1,6 1.0,6.0,3.5 0.168,0.626,0.366
1,7 1.0,7.0,4.0 0.104,0.576,0.445
1,8 1.0,8.0,4.5 0.152,0.714,0.473
1,10 1.0,10.0,5.5 0.115,0.964,0.593
2,0 2.0,0.0,1.0 0.251,-0.017,0.17
2,1 2.0,1.0,1.5 0.141,0.145,0.158
2,2 2.0,2.0,2.0 0.255,0.172,0.163
2,3 2.0,3.0,2.5 0.255,0.245,0.327
2,4 2.0,4.0,3.0 0.259,0.426,0.219
2,5 2.0,5.0,3.5 0.212,0.609,0.431
2,6 2.0,6.0,4.0 0.212,0.739,0.403
2,7 2.0,7.0,4.5 0.216,0.716,0.446
2,8 2.0,8.0,5.0 0.182,0.836,0.521
2,9 2.0,9.0,5.5 0.294,0.918,0.556
2,10 2.0,10.0,6.0 0.247,0.997,0.639
3,0 3.0,0.0,1.5 0.329,0.011,0.019
3,1 3.0,1.0,2.0 0.413,0.085,0.207
3,2 3.0,2.0,2.5 0.265,0.266,0.315
3,3 3.0,3.0,3.0 0.302,0.33,0.244
3,4 3.0,4.0,3.5 0.313,0.353,0.462
3,5 3.0,5.0,4.0 0.231,0.531,0.357
3,6 3.0,6.0,4.5 0.336,0.463,0.385
3,7 3.0,7.0,5.0 0.359,0.706,0.441
3,8 3.0,8.0,5.5 0.277,0.812,0.561
3,9 3.0,9.0,6.0 0.271,0.885,0.527
3,10 3.0,10.0,6.5 0.263,1.04,0.724
4,0 4.0,0.0,2.0 0.442,-0.059,0.2
4,1 4.0,1.0,2.5 0.399,0.069,0.24
4,2 4.0,2.0,3.0 0.415,0.194,0.36
4,3 4.0,3.0,3.5 0.285,0.248,0.271
4,4 4.0,4.0,4.0 0.442,0.459,0.31
4,5 4.0,5.0,4.5 0.406,0.508,0.487
4,6 4.0,6.0,5.0 0.4,0.585,0.427
4,7 4.0,7.0,5.5 0.393,0.719,0.652
4,8 4.0,8.0,6.0 0.437,0.829,0.615
4,9 4.0,9.0,6.5 0.448,0.966,0.626
4,10 4.0,10.0,7.0 0.413,1.02,0.785
5,0 5.0,0.0,2.5 0.554,-0.007,0.139
5,1 5.0,1.0,3.0 0.504,0.251,0.266
5,2 5.0,2.0,3.5 0.512,0.173,0.417
5,3 5.0,3.0,4.0 0.504,0.271,0.36
5,4 5.0,4.0,4.5 0.494,0.338,0.445
5,5 5.0,5.0,5.0 0.429,0.354,0.509
5,6 5.0,6.0,5.5 0.589,0.561,0.55
5,7 5.0,7.0,6.0 0.485,0.674,0.602
5,8 5.0,8.0,6.5 0.518,0.798,0.678
5,9 5.0,9.0,7.0 0.468,0.915,0.741
5,10 5.0,10.0,7.5 0.473,0.962,0.773
6,0 6.0,0.0,3.0 0.627,0.052,0.283
6,1 6.0,1.0,3.5 0.576,0.085,0.264
6,2 6.0,2.0,4.0 0.596,0.197,0.408
6,3 6.0,3.0,4.5 0.622,0.207,0.473
6,4 6.0,4.0,5.0 0.573,0.321,0.487
6,5 6.0,5.0,5.5 0.574,0.449,0.485
6,6 6.0,6.0,6.0 0.624,0.59,0.64
6,7 6.0,7.0,6.5 0.631,0.726,0.616
6,8 6.0,8.0,7.0 0.577,0.767,0.744
6,9 6.0,9.0,7.5 0.579,0.874,0.868
6,10 6.0,10.0,8.0 0.653,0.993,0.799
7,0 7.0,0.0,3.5 0.711,-0.008,0.325
7,1 7.0,1.0,4.0 0.593,0.054,0.322
7,2 7.0,2.0,4.5 0.688,0.219,0.449
7,3 7.0,3.0,5.0 0.697,0.28,0.475
7,4 7.0,4.0,5.5 0.693,0.395,0.55
7,5 7.0,5.0,6.0 0.652,0.494,0.547
7,6 7.0,6.0,6.5 0.625,0.664,0.643
7,7 7.0,7.0,7.0 0.703,0.693,0.75
7,8 7.0,8.0,7.5 0.693,0.764,0.818
7,9 7.0,9.0,8.0 0.75,0.859,0.811
7,10 7.0,10.0,8.5 0.702,0.998,0.748
8,0 8.0,0.0,4.0 0.837,0.001,0.396
8,1 8.0,1.0,4.5 0.789,0.065,0.345
8,2 8.0,2.0,5.0 0.743,0.174,0.536
8,3 8.0,3.0,5.5 0.721,0.262,0.622
8,4 8.0,4.0,6.0 0.809,0.346,0.607
8,5 8.0,5.0,6.5 0.833,0.392,0.65
8,6 8.0,6.0,7.0 0.747,0.637,0.772
8,7 8.0,7.0,7.5 0.821,0.724,0.842
8,8 8.0,8.0,8.0 0.704,0.741,0.833
8,9 8.0,9.0,8.5 0.777,0.951,0.807
8,10 8.0,10.0,9.0 0.864,1.036,0.925
9,0 9.0,0.0,4.5 0.896,0.013,0.429
9,1 9.0,1.0,5.0 0.787,0.091,0.464
9,2 9.0,2.0,5.5 0.906,0.248,0.519
9,3 9.0,3.0,6.0 0.98,0.307,0.628
9,4 9.0,4.0,6.5 0.948,0.392,0.65
9,5 9.0,5.0,7.0 0.926,0.555,0.695
9,6 9.0,6.0,7.5 0.933,0.625,0.693
9,7 9.0,7.0,8.0 0.919,0.701,0.801
9,8 9.0,8.0,8.5 0.915,0.752,0.854
9,9 9.0,9.0,9.0 0.923,0.877,0.881
9,10 9.0,10.0,9.5 0.865,0.934,0.951
10,0 10.0,0.0,5.0 0.957,0.046,0.429
10,1 10.0,1.0,5.5 0.932,0.066,0.531
10,2 10.0,2.0,6.0 0.897,0.171,0.636
10,3 10.0,3.0,6.5 0.945,0.356,0.588
10,4 10.0,4.0,7.0 0.97,0.391,0.747
10,5 10.0,5.0,7.5 0.932,0.462,0.748
10,6 10.0,6.0,8.0 0.961,0.644,0.813
10,7 10.0,7.0,8.5 0.991,0.785,0.784
10,8 10.0,8.0,9.0 1.075,0.68,0.869
10,9 10.0,9.0,9.5 0.994,0.909,0.916
10,10 10.0,10.0,10.0 0.974,1.01,0.983