0,10
0,7
0,7
0,0 0.0,0.0,0.0 0.053,0.034,-0.059
0,1 0.0,1.429,0.715 0.004,0.116,0.054
0,2 0.0,2.857,1.429 0.002,0.19,0.151
0,3 0.0,4.286,2.143 -0.032,0.44,0.167
0,4 0.0,5.714,2.857 -0.007,0.518,0.215
0,5 0.0,7.143,3.571 -0.048,0.665,0.4
0,6 0.0,8.571,4.285 0.051,0.933,0.36
0,7 0.0,10.0,5.0 -0.06,0.95,0.459
1,0 1.429,0.0,0.715 0.183,-0.012,-0.002
1,1 1.429,1.429,1.429 0.176,0.123,0.1
1,2 1.429,2.857,2.143 0.133,0.276,0.24
1,3 1.429,4.286,2.857 0.112,0.354,0.226
1,4 1.429,5.714,3.572 0.095,0.457,0.358
1,5 1.429,7.143,4.286 0.171,0.663,0.415
1,6 1.429,8.571,5.0 0.173,0.923,0.499
1,7 1.429,10.0,5.715 0.054,1.058,0.54
2,0 2.857,0.0,1.429 0.298,0.077,0.183
2,1 2.857,1.429,2.143 0.273,0.065,0.18
2,2 2.857,2.857,2.857 0.103,0.279,0.253
2,3 2.857,4.286,3.571 0.243,0.407,0.416
2,4 2.857,5.714,4.286 0.283,0.528,0.354
2,5 2.857,7.143,5.0 0.328,0.718,0.439
2,6 2.857,8.571,5.714 0.258,0.859,0.609
2,7 2.857,10.0,6.428 0.252,1.036,0.685
3,2 4.286,2.857,3.571 0.377,0.227,0.276
3,3 4.286,4.286,4.286 0.389,0.424,0.46
3,4 4.286,5.714,5.0 0.449,0.518,0.521
3,5 4.286,7.143,5.714 0.387,0.676,0.64
3,6 4.286,8.571,6.428 0.447,0.891,0.622
3,7 4.286,10.0,7.143 0.476,1.05,0.742
4,0 5.714,0.0,2.857 0.516,-0.069,0.271
4,1 5.714,1.429,3.572 0.57,0.068,0.377
4,2 5.714,2.857,4.286 0.581,0.296,0.453
4,3 5.714,4.286,5.0 0.646,0.494,0.472
4,5 5.714,7.143,6.428 0.522,0.772,0.578
4,6 5.714,8.571,7.143 0.59,0.824,0.765
4,7 5.714,10.0,7.857 0.55,0.984,0.729
5,0 7.143,0.0,3.571 0.705,0.029,0.421
5,1 7.143,1.429,4.286 0.739,0.126,0.459
5,2 7.143,2.857,5.0 0.693,0.338,0.523
5,4 7.143,5.714,6.428 0.674,0.576,0.561
5,5 7.143,7.143,7.143 0.716,0.639,0.756
5,6 7.143,8.571,7.857 0.62,0.906,0.805
5,7 7.143,10.0,8.572 0.7,1.083,0.938
6,0 8.571,0.0,4.285 0.8,0.044,0.358
6,1 8.571,1.429,5.0 0.868,0.08,0.535
6,2 8.571,2.857,5.714 0.873,0.304,0.536
6,3 8.571,4.286,6.428 0.838,0.477,0.578
6,4 8.571,5.714,7.143 0.839,0.524,0.675
6,5 8.571,7.143,7.857 0.907,0.617,0.66
6,6 8.571,8.571,8.571 0.82,0.907,0.854
6,7 8.571,10.0,9.285 0.855,1.091,1.065
7,0 10.0,0.0,5.0 1.032,-0.0,0.5
7,1 10.0,1.429,5.715 1.057,0.129,0.55
7,2 10.0,2.857,6.428 1.031,0.298,0.615
7,3 10.0,4.286,7.143 0.97,0.393,0.676
7,4 10.0,5.714,7.857 0.967,0.573,0.802
7,5 10.0,7.143,8.572 1.043,0.684,0.917
7,6 10.0,8.571,9.285 0.939,0.873,0.84
7,7 10.0,10.0,10.0 1.014,1.002,0.936