0,10
0,7
0,7
0,0 0.0,0.0,0.0 0.051,-0.013,-0.006
0,1 0.0,1.429,0.715 -0.099,0.16,0.018
0,2 0.0,2.857,1.429 0.028,0.328,0.147
0,3 0.0,4.286,2.143 0.008,0.474,0.209
0,4 0.0,5.714,2.857 -0.038,0.682,0.221
0,5 0.0,7.143,3.571 -0.097,0.665,0.357
0,6 0.0,8.571,4.285 0.107,0.89,0.43
0,7 0.0,10.0,5.0 -0.014,1.034,0.462
1,0 1.429,0.0,0.715 0.116,-0.009,0.048
1,1 1.429,1.429,1.429 0.139,0.117,0.126
1,2 1.429,2.857,2.143 0.107,0.257,0.227
1,3 1.429,4.286,2.857 0.115,0.391,0.319
1,4 1.429,5.714,3.572 0.129,0.491,0.388
1,5 1.429,7.143,4.286 0.117,0.682,0.336
1,6 1.429,8.571,5.0 0.269,0.939,0.496
1,7 1.429,10.0,5.715 0.105,1.026,0.613
2,0 2.857,0.0,1.429 0.334,0.004,0.181
2,1 2.857,1.429,2.143 0.244,0.225,0.221
2,2 2.857,2.857,2.857 0.31,0.287,0.31
2,3 2.857,4.286,3.571 0.25,0.441,0.344
2,4 2.857,5.714,4.286 0.337,0.531,0.437
2,5 2.857,7.143,5.0 0.297,0.698,0.499
2,6 2.857,8.571,5.714 0.33,0.903,0.61
2,7 2.857,10.0,6.428 0.378,1.014,0.65
3,0 4.286,0.0,2.143 0.483,0.051,0.288
3,1 4.286,1.429,2.857 0.435,0.091,0.353
3,2 4.286,2.857,3.571 0.426,0.284,0.362
3,3 4.286,4.286,4.286 0.433,0.498,0.463
3,6 4.286,8.571,6.428 0.423,0.947,0.655
3,7 4.286,10.0,7.143 0.381,1.027,0.726
4,0 5.714,0.0,2.857 0.659,-0.042,0.253
4,1 5.714,1.429,3.572 0.561,0.082,0.316
4,4 5.714,5.714,5.714 0.497,0.515,0.603
4,5 5.714,7.143,6.428 0.609,0.711,0.664
4,6 5.714,8.571,7.143 0.536,0.871,0.699
4,7 5.714,10.0,7.857 0.679,1.043,0.696
5,0 7.143,0.0,3.571 0.686,-0.071,0.337
5,1 7.143,1.429,4.286 0.79,0.123,0.462
5,2 7.143,2.857,5.0 0.687,0.247,0.511
5,3 7.143,4.286,5.714 0.709,0.362,0.551
5,4 7.143,5.714,6.428 0.754,0.521,0.632
5,5 7.143,7.143,7.143 0.655,0.742,0.752
5,6 7.143,8.571,7.857 0.68,0.834,0.815
5,7 7.143,10.0,8.572 0.663,0.892,0.886
6,0 8.571,0.0,4.285 0.883,-0.003,0.388
6,1 8.571,1.429,5.0 0.867,0.157,0.451
6,2 8.571,2.857,5.714 0.86,0.403,0.583
6,3 8.571,4.286,6.428 0.781,0.368,0.687
6,4 8.571,5.714,7.143 0.833,0.585,0.659
6,5 8.571,7.143,7.857 0.806,0.692,0.761
6,6 8.571,8.571,8.571 0.888,0.84,0.826
6,7 8.571,10.0,9.285 0.847,0.929,0.889
7,0 10.0,0.0,5.0 0.929,-0.021,0.534
7,1 10.0,1.429,5.715 0.907,0.155,0.541
7,2 10.0,2.857,6.428 0.928,0.238,0.675
7,3 10.0,4.286,7.143 1.019,0.493,0.672
7,4 10.0,5.714,7.857 1.099,0.579,0.791
7,5 10.0,7.143,8.572 1.056,0.72,0.844
7,6 10.0,8.571,9.285 0.949,0.834,0.915
7,7 10.0,10.0,10.0 0.977,0.98,1.039