0,10
0,10
0,10
0,0 0.0,0.0,0.0 0.024,0.036,-0.004
0,1 0.0,1.0,0.5 -0.017,0.073,0.04
0,2 0.0,2.0,1.0 0.031,0.131,0.023
0,3 0.0,3.0,1.5 0.091,0.257,0.135
0,4 0.0,4.0,2.0 0.051,0.333,0.174
0,5 0.0,5.0,2.5 0.034,0.521,0.335
0,6 0.0,6.0,3.0 -0.005,0.641,0.297
0,7 0.0,7.0,3.5 0.036,0.744,0.261
0,8 0.0,8.0,4.0 -0.082,0.841,0.369
0,9 0.0,9.0,4.5 0.049,0.922,0.427
0,10 0.0,10.0,5.0 0.016,1.038,0.445
1,0 1.0,0.0,0.5 0.084,0.046,0.088
1,1 1.0,1.0,1.0 0.037,0.104,0.146
1,2 1.0,2.0,1.5 0.027,0.245,0.159
1,3 1.0,3.0,2.0 0.069,0.292,0.168
1,4 1.0,4.0,2.5 0.116,0.414,0.268
1,5 1.0,5.0,3.0 0.075,0.493,0.294
1,6 1.0,6.0,3.5 0.106,0.627,0.35
1,7 1.0,7.0,4.0 0.071,0.603,0.461
1,8 1.0,8.0,4.5 0.071,0.889,0.427
1,9 1.0,9.0,5.0 0.055,0.96,0.441
1,10 1.0,10.0,5.5 0.142,1.058,0.511
2,0 2.0,0.0,1.0 0.159,0.046,0.209
2,1 2.0,1.0,1.5 0.24,0.119,0.132
2,2 2.0,2.0,2.0 0.169,0.301,0.232
2,3 2.0,3.0,2.5 0.138,0.287,0.187
2,4 2.0,4.0,3.0 0.144,0.327,0.281
2,5 2.0,5.0,3.5 0.241,0.5,0.333
2,6 2.0,6.0,4.0 0.254,0.574,0.445
2,7 2.0,7.0,4.5 0.23,0.792,0.468
2,8 2.0,8.0,5.0 0.193,0.835,0.511
2,9 2.0,9.0,5.5 0.136,0.877,0.453
2,10 2.0,10.0,6.0 0.192,0.933,0.636
3,0 3.0,0.0,1.5 0.34,0.047,0.146
3,1 3.0,1.0,2.0 0.283,0.03,0.167
3,2 3.0,2.0,2.5 0.299,0.177,0.219
3,3 3.0,3.0,3.0 0.252,0.276,0.383
3,4 3.0,4.0,3.5 0.332,0.305,0.334
3,5 3.0,5.0,4.0 0.426,0.569,0.468
3,6 3.0,6.0,4.5 0.293,0.593,0.558
3,7 3.0,7.0,5.0 0.297,0.702,0.446
3,8 3.0,8.0,5.5 0.371,0.859,0.602
3,9 3.0,9.0,6.0 0.268,0.976,0.618
3,10 3.0,10.0,6.5 0.32,0.947,0.67
4,0 4.0,0.0,2.0 0.433,-0.053,0.209
4,1 4.0,1.0,2.5 0.35,0.054,0.247
4,2 4.0,2.0,3.0 0.403,0.187,0.284
4,4 4.0,4.0,4.0 0.346,0.346,0.396
4,5 4.0,5.0,4.5 0.393,0.55,0.361
4,6 4.0,6.0,5.0 0.425,0.617,0.528
4,7 4.0,7.0,5.5 0.462,0.669,0.535
4,8 4.0,8.0,6.0 0.383,0.929,0.636
4,9 4.0,9.0,6.5 0.344,0.811,0.577
4,10 4.0,10.0,7.0 0.495,1.041,0.734
5,0 5.0,0.0,2.5 0.535,-0.008,0.196
5,1 5.0,1.0,3.0 0.581,0.181,0.332
5,4 5.0,4.0,4.5 0.543,0.476,0.467
5,5 5.0,5.0,5.0 0.482,0.542,0.413
5,6 5.0,6.0,5.5 0.501,0.66,0.479
5,7 5.0,7.0,6.0 0.504,0.737,0.591
5,8 5.0,8.0,6.5 0.47,0.812,0.663
5,9 5.0,9.0,7.0 0.486,0.939,0.69
5,10 5.0,10.0,7.5 0.347,1.126,0.782
6,0 6.0,0.0,3.0 0.597,-0.02,0.264
6,1 6.0,1.0,3.5 0.576,0.079,0.34
6,2 6.0,2.0,4.0 0.658,0.254,0.409
6,3 6.0,3.0,4.5 0.511,0.222,0.421
6,4 6.0,4.0,5.0 0.493,0.445,0.535
6,5 6.0,5.0,5.5 0.578,0.511,0.566
6,6 6.0,6.0,6.0 0.681,0.646,0.516
6,7 6.0,7.0,6.5 0.685,0.689,0.641
6,8 6.0,8.0,7.0 0.506,0.818,0.69
6,9 6.0,9.0,7.5 0.614,0.901,0.78
6,10 6.0,10.0,8.0 0.559,0.999,0.819
7,0 7.0,0.0,3.5 0.678,-0.062,0.402
7,1 7.0,1.0,4.0 0.627,0.08,0.414
7,2 7.0,2.0,4.5 0.683,0.301,0.438
7,3 7.0,3.0,5.0 0.694,0.386,0.461
7,4 7.0,4.0,5.5 0.735,0.389,0.65
7,5 7.0,5.0,6.0 0.679,0.475,0.549
7,6 7.0,6.0,6.5 0.664,0.609,0.59
7,7 7.0,7.0,7.0 0.771,0.677,0.687
7,8 7.0,8.0,7.5 0.649,0.782,0.714
7,9 7.0,9.0,8.0 0.735,0.905,0.822
7,10 7.0,10.0,8.5 0.797,0.978,0.936
8,0 8.0,0.0,4.0 0.755,-0.029,0.396
8,1 8.0,1.0,4.5 0.781,-0.011,0.398
8,2 8.0,2.0,5.0 0.854,0.218,0.45
8,3 8.0,3.0,5.5 0.795,0.242,0.49
8,4 8.0,4.0,6.0 0.889,0.357,0.492
8,5 8.0,5.0,6.5 0.806,0.457,0.566
8,6 8.0,6.0,7.0 0.819,0.549,0.67
8,7 8.0,7.0,7.5 0.9,0.678,0.722
8,8 8.0,8.0,8.0 0.825,0.736,0.827
8,9 8.0,9.0,8.5 0.811,0.836,0.85
8,10 8.0,10.0,9.0 0.817,0.992,0.954
9,0 9.0,0.0,4.5 0.918,-0.056,0.418
9,1 9.0,1.0,5.0 0.912,0.043,0.525
9,2 9.0,2.0,5.5 0.94,0.242,0.546
9,3 9.0,3.0,6.0 0.959,0.316,0.617
9,4 9.0,4.0,6.5 0.931,0.393,0.687
9,5 9.0,5.0,7.0 0.952,0.547,0.694
9,6 9.0,6.0,7.5 1.049,0.566,0.707
9,7 9.0,7.0,8.0 0.961,0.677,0.793
9,8 9.0,8.0,8.5 0.877,0.791,0.885
9,9 9.0,9.0,9.0 0.891,0.874,0.944
9,10 9.0,10.0,9.5 0.853,0.979,0.939
10,0 10.0,0.0,5.0 0.999,-0.028,0.458
10,1 10.0,1.0,5.5 1.078,0.149,0.498
10,2 10.0,2.0,6.0 1.071,0.193,0.603
10,3 10.0,3.0,6.5 0.994,0.321,0.591
10,4 10.0,4.0,7.0 1.089,0.41,0.771
10,5 10.0,5.0,7.5 1.035,0.575,0.825
10,6 10.0,6.0,8.0 1.039,0.581,0.826
10,7 10.0,7.0,8.5 1.042,0.736,0.807
10,8 10.0,8.0,9.0 1.029,0.9,0.965
10,9 10.0,9.0,9.5 1.02,0.883,0.872
10,10 10.0,10.0,10.0 1.002,1.011,0.984