0,10
0,7
0,7
0,0 0.0,0.0,0.0 0.026,-0.096,0.004
0,1 0.0,1.429,0.715 0.014,0.219,0.082
0,2 0.0,2.857,1.429 -0.053,0.169,0.187
0,3 0.0,4.286,2.143 -0.053,0.454,0.181
0,4 0.0,5.714,2.857 -0.083,0.551,0.265
0,5 0.0,7.143,3.571 -0.007,0.781,0.371
0,6 0.0,8.571,4.285 -0.015,0.886,0.48
0,7 0.0,10.0,5.0 0.038,0.937,0.568
1,0 1.429,0.0,0.715 0.093,0.067,-0.021
1,1 1.429,1.429,1.429 0.091,0.211,0.185
1,2 1.429,2.857,2.143 0.134,0.265,0.14
1,3 1.429,4.286,2.857 0.272,0.392,0.267
1,4 1.429,5.714,3.572 0.121,0.512,0.35
1,5 1.429,7.143,4.286 0.09,0.733,0.454
1,6 1.429,8.571,5.0 0.088,0.849,0.462
1,7 1.429,10.0,5.715 0.137,1.062,0.523
2,2 2.857,2.857,2.857 0.374,0.329,0.197
2,3 2.857,4.286,3.571 0.383,0.415,0.349
2,4 2.857,5.714,4.286 0.332,0.668,0.374
2,5 2.857,7.143,5.0 0.265,0.828,0.561
2,6 2.857,8.571,5.714 0.25,0.861,0.598
2,7 2.857,10.0,6.428 0.213,0.947,0.645
3,0 4.286,0.0,2.143 0.387,-0.02,0.238
3,1 4.286,1.429,2.857 0.493,0.102,0.248
3,2 4.286,2.857,3.571 0.536,0.274,0.356
3,3 4.286,4.286,4.286 0.46,0.41,0.472
3,4 4.286,5.714,5.0 0.398,0.605,0.425
3,5 4.286,7.143,5.714 0.475,0.687,0.58
3,6 4.286,8.571,6.428 0.459,0.9,0.663
3,7 4.286,10.0,7.143 0.459,1.018,0.644
4,0 5.714,0.0,2.857 0.562,-0.108,0.272
4,1 5.714,1.429,3.572 0.565,0.168,0.254
4,2 5.714,2.857,4.286 0.503,0.306,0.481
4,3 5.714,4.286,5.0 0.593,0.423,0.525
4,4 5.714,5.714,5.714 0.602,0.514,0.599
4,5 5.714,7.143,6.428 0.513,0.692,0.635
4,6 5.714,8.571,7.143 0.486,0.753,0.741
4,7 5.714,10.0,7.857 0.529,1.016,0.751
5,0 7.143,0.0,3.571 0.704,0.031,0.339
5,2 7.143,2.857,5.0 0.726,0.344,0.452
5,3 7.143,4.286,5.714 0.672,0.529,0.616
5,4 7.143,5.714,6.428 0.697,0.58,0.59
5,5 7.143,7.143,7.143 0.7,0.713,0.708
5,6 7.143,8.571,7.857 0.817,0.838,0.854
5,7 7.143,10.0,8.572 0.73,1.016,0.864
6,1 8.571,1.429,5.0 0.882,0.172,0.478
6,2 8.571,2.857,5.714 0.942,0.236,0.586
6,3 8.571,4.286,6.428 0.806,0.439,0.682
6,4 8.571,5.714,7.143 0.913,0.504,0.756
6,5 8.571,7.143,7.857 0.884,0.747,0.751
6,6 8.571,8.571,8.571 0.832,0.847,0.844
6,7 8.571,10.0,9.285 0.72,0.97,0.905
7,0 10.0,0.0,5.0 0.931,0.008,0.524
7,1 10.0,1.429,5.715 0.969,0.205,0.55
7,2 10.0,2.857,6.428 1.015,0.304,0.646
7,3 10.0,4.286,7.143 1.004,0.454,0.678
7,4 10.0,5.714,7.857 0.946,0.585,0.718
7,5 10.0,7.143,8.572 0.983,0.752,0.868
7,6 10.0,8.571,9.285 0.917,0.956,0.932
7,7 10.0,10.0,10.0 0.958,0.955,1.064